Silique length/cm
  line1	line2	line3	line4	line5	line6	line7	line8	average	var	SD
ZS	10.3 	10.0 	10.4 	10.8 	10.6 	10.5 	10.3 	10.6 	10.44 	0.06 	0.24 
GG	8.9 	9.0 	8.7 	9.0 	8.9 	9.8 	9.4 	9.3 	9.13 	0.13 	0.35 
TA	6.7 	5.7 	6.2 	6.3 	6.1 	6.6 	5.9 	5.2 	6.09 	0.24 	0.49 
QU	5.9 	6.1 	5.5 	5.2 	5.4 	5.6 	5.4 	5.6 	5.59 	0.08 	0.29 
SL	5.7 	5.2 	5.6 	5.4 	5.8 	5.9 	5.4 	5.3 	5.54 	0.06 	0.25 
WE	4.9 	5.3 	5.0 	4.9 	5.4 	5.1 	5.1 	4.8 	5.06 	0.04 	0.21 
NO	5.2 	4.9 	4.9 	5.3 	5.4 	4.9 	4.8 	4.6 	5.00 	0.07 	0.27 
ZY	5.2 	5.0 	4.9 	4.9 	4.7 	4.9 	5.3 	5.2 	5.01 	0.04 	0.20 
